0 0.632594 0.827948 0.056004 0.152745
0 0.596064 0.708605 0.044430 0.101366
0 0.335673 0.815399 0.056243 0.148288
0 0.363890 0.683863 0.042699 0.111490
0 0.383074 0.585016 0.032699 0.081379
0 0.552960 0.550712 0.029390 0.077255
0 0.397842 0.515304 0.027684 0.050935
0 0.534347 0.486716 0.024195 0.055327
0 0.400827 0.460650 0.021272 0.047392
0 0.410467 0.418428 0.016441 0.032974
0 0.521577 0.436418 0.017088 0.045752
0 0.417700 0.386631 0.014357 0.025693
0 0.511040 0.396703 0.015206 0.032647
0 0.502081 0.367941 0.012640 0.027137
