0 0.525428 0.375121 0.012077 0.030778
0 0.680908 0.654268 0.025985 0.081072
0 0.723055 0.846317 0.034265 0.110190
0 0.665961 0.580480 0.023121 0.062843
0 0.638660 0.461892 0.019460 0.051026
0 0.628555 0.419095 0.017228 0.042582
0 0.478151 0.896974 0.035956 0.114340
0 0.488695 0.783402 0.032471 0.107209
0 0.497864 0.683105 0.029154 0.090340
0 0.504667 0.599114 0.023695 0.066765
0 0.510099 0.529624 0.021287 0.055078
0 0.517537 0.473346 0.018221 0.046614
0 0.520511 0.417938 0.014434 0.035641
0 0.615700 0.347905 0.011092 0.027745
0 0.529256 0.339696 0.011092 0.027745
